F<<1,0,0,0.51386,0,0,0,0.25976,0,0,0.0035098,0,
0,1,0,0,0.51386,0,-0.25976,0,0,-0.0035098,0,0,
0,0,1,0,0,0.51386,0,0,0,0,0,0,
0,0,0,0.87153,0,0,0,0.47933,0,0,0.0066703,0,
0,0,0,0,0.87153,0,-0.47933,0,0,-0.0066703,0,0,
0,0,0,0,0,0.87153,0,0,0,0,0,0,
0,0,0,0,0,0,5.0864e-08,0,0,1.343e-09,0,0,
0,0,0,0,0,0,0,5.0864e-08,0,0,1.343e-09,0,
0,0,0,0,0,0,0,0,1,0,0,0.53515,
0,0,0,0,0,0,-1.7459e-06,0,0,-4.598e-08,0,0,
0,0,0,0,0,0,0,-1.7459e-06,0,0,-4.598e-08,0,
0,0,0,0,0,0,0,0,0,0,0,0.94649;
 
G<<0,0,1.1586,
0,-1.1586,0,
0.34417,0,0,
0,0,4.5627,
0,-4.5627,0,
1.2235,0,0,
0,1,0,
0,0,1,
0,0,0,
0,1.7459e-06,0,
0,0,1.7459e-06,
0,0,0;
