F
<
<
1,0,0,0.51386,0,0,0,0.010058,0,0,5.0249e-06,0
0,1,0,0,0.51386,0,-0.010058,0,0,-5.0249e-06,0,0
0,0,1,0,0,0.51386,0,0,0,0,0,0
0,0,0,0.87153,0,0,0,0.017109,0,0,8.5558e-06,0
0,0,0,0,0.87153,0,-0.017109,0,0,-8.5558e-06,0,0
0,0,0,0,0,0.87153,0,0,0,0,0,0
0,0,0,0,0,0,7.5716e-237,0,0,7.5578e-240,0,0
0,0,0,0,0,0,0,7.5716e-237,0,0,7.5578e-240,0
0,0,0,0,0,0,0,0,1,0,0,0.53515
0,0,0,0,0,0,-7.5578e-234,0,0,-7.5441e-237,0,0
0,0,0,0,0,0,0,-7.5578e-234,0,0,-7.5441e-237,0
0,0,0,0,0,0,0,0,0,0,0,0.94649
;
 
G
<
<
0,0,1.4083
0,-1.4083,0
0.34417,0,0
0,0,5.0249
0,-5.0249,0
1.2235,0,0
0,1,0
0,0,1
0,0,0
0,6.6985e-11,0
0,0,6.6985e-11
0,0,0
;
