F
<
<
1,0,0,0.51386,0,0,0,0.74654,0,0,0.032963,0
0,1,0,0,0.51386,0,-0.74654,0,0,-0.032963,0,0
0,0,1,0,0,0.51386,0,0,0,0,0,0
0,0,0,0.87153,0,0,0,1.7457,0,0,0.087273,0
0,0,0,0,0.87153,0,-1.7457,0,0,-0.087273,0,0
0,0,0,0,0,0.87153,0,0,0,0,0,0
0,0,0,0,0,0,0.026564,0,0,0.0022477,0,0
0,0,0,0,0,0,0,0.026564,0,0,0.0022477,0
0,0,0,0,0,0,0,0,1,0,0,0.53515
0,0,0,0,0,0,-0.22477,0,0,-0.01839,0,0
0,0,0,0,0,0,0,-0.22477,0,0,-0.01839,0
0,0,0,0,0,0,0,0,0,0,0,0.94649
;
 
G
<
<
0,0,0.67178
0,-0.67178,0
0.34417,0,0
0,0,3.2963
0,-3.2963,0
1.2235,0,0
0,0.97344,0
0,0,0.97344
0,0,0
0,0.22477,0
0,0,0.22477
0,0,0
;
