F
<
<
1,0,0,0.51386,0,0,0,0.28049,0,0,0.0041095,0
0,1,0,0,0.51386,0,-0.28049,0,0,-0.0041095,0,0
0,0,1,0,0,0.51386,0,0,0,0,0,0
0,0,0,0.87153,0,0,0,0.52156,0,0,0.0078926,0
0,0,0,0,0.87153,0,-0.52156,0,0,-0.0078926,0,0
0,0,0,0,0,0.87153,0,0,0,0,0,0
0,0,0,0,0,0,2.3019e-07,0,0,6.5797e-09,0,0
0,0,0,0,0,0,0,2.3019e-07,0,0,6.5797e-09,0
0,0,0,0,0,0,0,0,1,0,0,0.53515
0,0,0,0,0,0,-7.2377e-06,0,0,-2.0626e-07,0,0
0,0,0,0,0,0,0,-7.2377e-06,0,0,-2.0626e-07,0
0,0,0,0,0,0,0,0,0,0,0,0.94649
;
 
G
<
<
0,0,1.1378
0,-1.1378,0
0.34417,0,0
0,0,4.5205
0,-4.5205,0
1.2235,0,0
0,1,0
0,0,1
0,0,0
0,7.2377e-06,0
0,0,7.2377e-06
0,0,0
;
