F
<
<
1,0,0,0.51386,0,0,0,1.4149,0,0,0.24111,0
0,1,0,0,0.51386,0,-1.4149,0,0,-0.24111,0,0
0,0,1,0,0,0.51386,0,0,0,0,0,0
0,0,0,0.87153,0,0,0,5.0179,0,0,1.2624,0
0,0,0,0,0.87153,0,-5.0179,0,0,-1.2624,0,0
0,0,0,0,0,0.87153,0,0,0,0,0,0
0,0,0,0,0,0,0.98652,0,0,0.4622,0,0
0,0,0,0,0,0,0,0.98652,0,0,0.4622,0
0,0,0,0,0,0,0,0,1,0,0,0.53515
0,0,0,0,0,0,-0.04622,0,0,0.6942,0,0
0,0,0,0,0,0,0,-0.04622,0,0,0.6942,0
0,0,0,0,0,0,0,0,0,0,0,0.94649
;
 
G
<
<
0,0,0.0033968
0,-0.0033968,0
0.34417,0,0
0,0,0.024111
0,-0.024111,0
1.2235,0,0
0,0.013481,0
0,0,0.013481
0,0,0
0,0.04622,0
0,0,0.04622
0,0,0
;
