F
<
<
1,0,0,0.51386,0,0,0,0.30731,0,0,0.0049608,0
0,1,0,0,0.51386,0,-0.30731,0,0,-0.0049608,0,0
0,0,1,0,0,0.51386,0,0,0,0,0,0
0,0,0,0.87153,0,0,0,0.57731,0,0,0.009662,0
0,0,0,0,0.87153,0,-0.57731,0,0,-0.009662,0,0
0,0,0,0,0,0.87153,0,0,0,0,0,0
0,0,0,0,0,0,1.1945e-06,0,0,3.7541e-08,0,0
0,0,0,0,0,0,0,1.1945e-06,0,0,3.7541e-08,0
0,0,0,0,0,0,0,0,1,0,0,0.53515
0,0,0,0,0,0,-3.3787e-05,0,0,-1.058e-06,0,0
0,0,0,0,0,0,0,-3.3787e-05,0,0,-1.058e-06,0
0,0,0,0,0,0,0,0,0,0,0,0.94649
;
 
G
<
<
0,0,1.111
0,-1.111,0
0.34417,0,0
0,0,4.4647
0,-4.4647,0
1.2235,0,0
0,1,0
0,0,1
0,0,0
0,3.3787e-05,0
0,0,3.3787e-05
0,0,0
;
