F
<
<
1,0,0,0.51386,0,0,0,0.26951,0,0,0.0037858,0
0,1,0,0,0.51386,0,-0.26951,0,0,-0.0037858,0,0
0,0,1,0,0,0.51386,0,0,0,0,0,0
0,0,0,0.87153,0,0,0,0.49912,0,0,0.0072302,0
0,0,0,0,0.87153,0,-0.49912,0,0,-0.0072302,0,0
0,0,0,0,0,0.87153,0,0,0,0,0,0
0,0,0,0,0,0,1.066e-07,0,0,2.9238e-09,0,0
0,0,0,0,0,0,0,1.066e-07,0,0,2.9238e-09,0
0,0,0,0,0,0,0,0,1,0,0,0.53515
0,0,0,0,0,0,-3.5085e-06,0,0,-9.5966e-08,0,0
0,0,0,0,0,0,0,-3.5085e-06,0,0,-9.5966e-08,0
0,0,0,0,0,0,0,0,0,0,0,0.94649
;
 
G
<
<
0,0,1.1488
0,-1.1488,0
0.34417,0,0
0,0,4.5429
0,-4.5429,0
1.2235,0,0
0,1,0
0,0,1
0,0,0
0,3.5085e-06,0
0,0,3.5085e-06
0,0,0
;
