F
<
<
1,0,0,0.51386,0,0,0,0.29296,0,0,0.0044947,0
0,1,0,0,0.51386,0,-0.29296,0,0,-0.0044947,0,0
0,0,1,0,0,0.51386,0,0,0,0,0,0
0,0,0,0.87153,0,0,0,0.54733,0,0,0.0086883,0
0,0,0,0,0.87153,0,-0.54733,0,0,-0.0086883,0,0
0,0,0,0,0,0.87153,0,0,0,0,0,0
0,0,0,0,0,0,5.1424e-07,0,0,1.5377e-08,0,0
0,0,0,0,0,0,0,5.1424e-07,0,0,1.5377e-08,0
0,0,0,0,0,0,0,0,1,0,0,0.53515
0,0,0,0,0,0,-1.5377e-05,0,0,-4.5832e-07,0,0
0,0,0,0,0,0,0,-1.5377e-05,0,0,-4.5832e-07,0
0,0,0,0,0,0,0,0,0,0,0,0.94649
;
 
G
<
<
0,0,1.1254
0,-1.1254,0
0.34417,0,0
0,0,4.4947
0,-4.4947,0
1.2235,0,0
0,1,0
0,0,1
0,0,0
0,1.5377e-05,0
0,0,1.5377e-05
0,0,0
;
