F<<1,0,0,0.51386,0,0,0,0.32407,0,0,0.0055365,0
0,1,0,0,0.51386,0,-0.32407,0,0,-0.0055365,0,0
0,0,1,0,0,0.51386,0,0,0,0,0,0
0,0,0,0.87153,0,0,0,0.61279,0,0,0.010881,0
0,0,0,0,0.87153,0,-0.61279,0,0,-0.010881,0,0
0,0,0,0,0,0.87153,0,0,0,0,0,0
0,0,0,0,0,0,2.9035e-06,0,0,9.6455e-08,0,0
0,0,0,0,0,0,0,2.9035e-06,0,0,9.6455e-08,0
0,0,0,0,0,0,0,0,1,0,0,0.53515
0,0,0,0,0,0,-7.7164e-05,0,0,-2.5528e-06,0,0
0,0,0,0,0,0,0,-7.7164e-05,0,0,-2.5528e-06,0
0,0,0,0,0,0,0,0,0,0,0,0.94649
;
 
G
<
<
0,0,1.0942
0,-1.0942,0
0.34417,0,0
0,0,4.4292
0,-4.4292,0
1.2235,0,0
0,1,0
0,0,1
0,0,0
0,7.7164e-05,0
0,0,7.7164e-05
0,0,0
;
