F
<
<
1,0,0,0.51386,0,0,0,0.13745,0,0,0.00095977,0
0,1,0,0,0.51386,0,-0.13745,0,0,-0.00095977,0,0
0,0,1,0,0,0.51386,0,0,0,0,0,0
0,0,0,0.87153,0,0,0,0.24316,0,0,0.0017225,0
0,0,0,0,0.87153,0,-0.24316,0,0,-0.0017225,0,0
0,0,0,0,0,0.87153,0,0,0,0,0,0
0,0,0,0,0,0,5.1379e-16,0,0,7.0839e-18,0,0
0,0,0,0,0,0,0,5.1379e-16,0,0,7.0839e-18,0
0,0,0,0,0,0,0,0,1,0,0,0.53515
0,0,0,0,0,0,-3.5419e-14,0,0,-4.8803e-16,0,0
0,0,0,0,0,0,0,-3.5419e-14,0,0,-4.8803e-16,0
0,0,0,0,0,0,0,0,0,0,0,0.94649
;
 
G
<
<
0,0,1.2809
0,-1.2809,0
0.34417,0,0
0,0,4.7989
0,-4.7989,0
1.2235,0,0
0,1,0
0,0,1
0,0,0
0,8.1709e-13,0
0,0,8.1709e-13
0,0,0
;
