F<<1,0,0,0.51386,0,0,0,1.389,0,0,0.20089,0,
0,1,0,0,0.51386,0,-1.389,0,0,-0.20089,0,0,
0,0,1,0,0,0.51386,0,0,0,0,0,0,
0,0,0,0.87153,0,0,0,4.8411,0,0,0.98718,0,
0,0,0,0,0.87153,0,-4.8411,0,0,-0.98718,0,0,
0,0,0,0,0,0.87153,0,0,0,0,0,0,
0,0,0,0,0,0,0.89427,0,0,0.31732,0,0,
0,0,0,0,0,0,0,0.89427,0,0,0.31732,0,
0,0,0,0,0,0,0,0,1,0,0,0.53515,
0,0,0,0,0,0,-0.31732,0,0,0.25963,0,0,
0,0,0,0,0,0,0,-0.31732,0,0,0.25963,0,
0,0,0,0,0,0,0,0,0,0,0,0.94649;
 
G<<0,0,0.029362,
0,-0.029362,0,
0.34417,0,0,
0,0,0.20089,
0,-0.20089,0,
1.2235,0,0,
0,0.10573,0,
0,0,0.10573,
0,0,0,
0,0.31732,0,
0,0,0.31732,
0,0,0;
