F<<
1,0,0,0.51386,0,0,0,1.2265,0,0,0.11809,0,
0,1,0,0,0.51386,0,-1.2265,0,0,-0.11809,0,0,
0,0,1,0,0,0.51386,0,0,0,0,0,0,
0,0,0,0.87153,0,0,0,3.8611,0,0,0.47957,0,
0,0,0,0,0.87153,0,-3.8611,0,0,-0.47957,0,0,
0,0,0,0,0,0.87153,0,0,0,0,0,0,
0,0,0,0,0,0,0.48115,0,0,0.096608,0,0,
0,0,0,0,0,0,0,0.48115,0,0,0.096608,0,
0,0,0,0,0,0,0,0,1,0,0,0.53515,
0,0,0,0,0,0,-0.96608,0,0,-0.12985,0,0,
0,0,0,0,0,0,0,-0.96608,0,0,-0.12985,0,
0,0,0,0,0,0,0,0,0,0,0,0.94649;
 
G<<
0,0,0.19186,
0,-0.19186,0,
0.34417,0,0,
0,0,1.1809,
0,-1.1809,0,
1.2235,0,0,
0,0.51885,0,
0,0,0.51885,
0,0,0,
0,0.96608,0,
0,0,0.96608,
0,0,0;
