F
<
<
1,0,0,0.51386,0,0,0,0.34402,0,0,0.0062662,0
0,1,0,0,0.51386,0,-0.34402,0,0,-0.0062662,0,0
0,0,1,0,0,0.51386,0,0,0,0,0,0
0,0,0,0.87153,0,0,0,0.65571,0,0,0.01245,0
0,0,0,0,0.87153,0,-0.65571,0,0,-0.01245,0,0
0,0,0,0,0,0.87153,0,0,0,0,0,0
0,0,0,0,0,0,7.4487e-06,0,0,2.6343e-07,0,0
0,0,0,0,0,0,0,7.4487e-06,0,0,2.6343e-07,0
0,0,0,0,0,0,0,0,1,0,0,0.53515
0,0,0,0,0,0,-0.0001844,0,0,-6.4908e-06,0,0
0,0,0,0,0,0,0,-0.0001844,0,0,-6.4908e-06,0
0,0,0,0,0,0,0,0,0,0,0,0.94649
;
 
G
<
<
0,0,1.0743
0,-1.0743,0
0.34417,0,0
0,0,4.3863
0,-4.3863,0
1.2235,0,0
0,0.99999,0
0,0,0.99999
0,0,0
0,0.0001844,0
0,0,0.0001844
0,0,0
;
